  0.80000000000000004        1.0106066911030631E-002   2.0327884856902484E-002
  0.77000000000000002        6.6247378491136140E-003   1.6942128037945182E-002
  0.73999999999999999        2.8168780866967582E-002   1.8591346361815017E-002
  0.71000000000000008        5.1392321912918468E-002   1.6894274350283667E-002
  0.68000000000000005        8.3159496526358762E-002   1.1753118031675048E-002
  0.65000000000000002       0.64775054123998577        1.0003028149285188E-003
  0.62000000000000000       0.66555788241371683        1.6903566891124453E-005
  0.59000000000000008       0.66637928421559112        4.8306677222154307E-006
  0.56000000000000005       0.66655227254177973        2.0155150888787760E-006
  0.53000000000000003       0.66661269254163280        7.1174454861008101E-007
  0.50000000000000000       0.66663818001545316        4.2273894205288706E-007
  0.47000000000000003       0.66665100940943234        2.3861706022661565E-007
  0.44000000000000000       0.66665796351585593        1.0970486280641055E-007
  0.40999999999999998       0.66666162392961348        6.4713402690670805E-008
  0.38000000000000000       0.66666390677826348        3.0160888918488255E-008
  0.35000000000000003       0.66666521091311259        2.1854991931792629E-008
  0.32000000000000001       0.66666590127221992        1.2365770272179672E-008
  0.28999999999999992       0.66666632027615336        5.5506068826856001E-009
  0.26000000000000001       0.66666652905025836        1.5475840755623201E-009
  0.22999999999999998       0.66666661853975129        1.2803867150091223E-009
