   1.0000000000000000       0.43100689019097227        4.8886785975954679E-004
  0.95499999999999996       0.41568147786458326        4.4931198793334975E-004
  0.91000000000000003       0.39436735026041664        7.2634539391900916E-004
  0.86499999999999999       0.37269070095486112        7.0068269657621815E-004
  0.82000000000000006       0.34925390624999980        7.6660882271245491E-004
  0.77500000000000002       0.32168370225694448        6.4055955064902157E-004
  0.72999999999999998       0.28571305338541653        7.9097009032257158E-004
  0.68500000000000005       0.23403895399305558        9.1819733643677128E-004
  0.64000000000000001       0.16831271701388881        8.5014115936507832E-004
  0.59499999999999997        9.7223036024305570E-002   1.1310633021060848E-003
  0.55000000000000004        4.1689778645833404E-002   6.7190320774760954E-004
  0.50500000000000012        6.9130859375001047E-003   5.9068476369601220E-004
  0.45999999999999996       -1.6070909288194317E-002   2.5470650857749755E-004
  0.41500000000000004       -2.8916829427083197E-002   1.8827253655379049E-003
  0.37000000000000011        1.1845269097222257E-002   1.3888665930477185E-002
  0.32500000000000007        1.1320963541666675E-002   1.3664910017080589E-004
  0.28000000000000003        4.1081814236111113E-003   1.0425383135158404E-004
  0.23499999999999999        1.0531684027777779E-003   7.8433184820941469E-005
  0.18999999999999995        1.7773437500000008E-004   2.2292236130710626E-005
  0.14499999999999991        2.1158854166666666E-006   2.1158854166666670E-006
