   1.0000000000000000       0.38909683672869316        3.3317624318065014E-003
  0.95499999999999996       0.42337070762200263        6.4409013807667130E-003
  0.91000000000000003       0.44755785110331858        6.9247447042671663E-003
  0.86499999999999999       0.50516674169352027        9.0932719585990682E-003
  0.82000000000000006       0.57645163822570544        1.0472342038327646E-002
  0.77500000000000002       0.70152859434616122        1.7048961007701417E-002
  0.72999999999999998       0.90251323275512263        1.5076528825011174E-002
  0.68500000000000005        1.2999209172321091        2.2499187827633108E-002
  0.64000000000000001        1.5907316212300877        1.6244631109084657E-002
  0.59499999999999997        1.4562521623871141        1.8313868900987847E-002
  0.55000000000000004       0.95642902166192922        1.6458800332245112E-002
  0.50500000000000012       0.62295244686971130        1.3948956379775321E-002
  0.45999999999999996       0.40335072484878004        7.1142459950179421E-003
  0.41500000000000004       0.27965789632656207        1.1233517257961003E-002
  0.37000000000000011       0.35761734007550616        5.4693273822594805E-002
  0.32500000000000007       0.22539684264053239        3.9971279487182702E-003
  0.28000000000000003       0.10569116097909430        2.2252334619498625E-003
  0.23499999999999999        3.8800296169762175E-002   3.2679312089078263E-003
  0.18999999999999995        9.4691733574272918E-003   1.1839269227314881E-003
  0.14499999999999991        1.9460610817974655E-004   1.9460610817974660E-004
